# Основной путь до развилки №2 (Путиводный камень)
0 195 215 0
0 246 206 0
0 242 249 0
0 305 245 0
0 295 302 0
0 362 325 2

# Путь 1 от развилки №2 до Лешиго (60)
1 360 196 0
1 409 170 0
1 388 129 0
1 447 142 0
1 460 99 0
0 591 124 60

# Путь 2 от развилки №2 до Кота Учёного (3)
2 382 384 0
2 433 394 0
2 415 438 0
2 465 440 0
2 454 484 0
2 505 487 0
0 532 522 3

# Путь 3 от развилки №2 до Сундука (4)
3 300 348 0
3 319 371 0
3 260 371 0
3 262 406 0
3 205 395 0
3 186 436 0
0 125 457 4

# Продолжение от Лешиго (60) до соединительной точки
0 722 145 0
0 759 106 0
0 808 106 7
0 794 152 0
0 828 187 0
0 777 209 0
0 814 227 0
0 804 278 8
0 846 251 0
0 890 243 0
0 882 206 0
0 937 206 0
0 920 168 0
0 972 157 0
0 975 111 9
0 1023 138 0
0 1080 145 0
0 1122 177 0

# Путь от Кота Учёного (3) через Лешиго (7) к соединительной точке
0 526 525 0
0 1086 503 0
0 1129 501 10
0 1206 524 61
0 1138 458 0
0 1148 409 0
0 1083 362 7
0 1077 321 0
0 1117 302 0
0 1086 263 0
0 1130 235 0

# Путь от Кота Учёного (3) до развилки №10
0 1011 627 0
0 1048 657 0
0 1026 701 10

# Путь от Сундука (4) до развилки №10
0 124 451 4
0 248 552 0
0 295 551 0
0 350 662 5
0 646 728 0
0 675 791 0
0 734 791 0
0 718 834 0
0 776 847 0
0 822 890 9
0 916 890 0
0 993 870 0
0 973 818 0
0 1027 806 0
0 1054 735 10

# Путь 1 от развилки №10 до Лешиго (61)
1 1104 655 0
1 1153 646 0
1 1144 602 0
0 1194 535 61

# Путь 2 от развилки №10 до Бабы-Яги (11)
2 1145 728 0
2 1190 745 0
2 1244 714 0
2 1273 739 0
0 1359 665 11

# Путь 3 от развилки №10 до Водяного (12)
3 1130 787 0
3 1149 829 0
3 1210 816 0
3 1241 855 0
3 1290 834 0
3 1358 869 12

# Финальный путь до Бабы-Яги (13)
0 1169 224 0
0 1201 235 0
0 1200 287 0
0 1279 330 13